Utilisation servers Station WS 0:	0,319281	0,125777	0,027131	
Utilisation servers Station WS 1:	0,625374	0,459846	
Utilisation servers Station WS 2:	0,323383	0,117753	0,028253	0,007360	
Utilisation servers Station WS 3:	0,535313	0,310720	0,139145	
Utilisation servers Station WS 4:	0,997780	

Avg utilisation Station WS 0:	0,157396
Avg utilisation Station WS 1:	0,542610
Avg utilisation Station WS 2:	0,119187
Avg utilisation Station WS 3:	0,328393
Avg utilisation Station WS 4:	0,997780

Overall avg utilisation: 0,429073

Cycle time

Avg cycle time: 43,680451

Number	Observation	Running Average
0	0,933333	0,933333
1	1,275978	1,104656
2	0,816667	1,008659
3	1,600341	1,156580
4	1,946113	1,314486
5	0,716667	1,214850
6	0,833333	1,160347
7	0,783333	1,113221
8	2,104691	1,223384
9	2,539669	1,355012
10	2,366290	1,446947
11	2,723740	1,553346
12	2,192007	1,602474
13	0,766667	1,542773
14	2,449734	1,603237
15	0,900000	1,559285
16	2,737541	1,628594
17	0,833333	1,584413
18	3,134704	1,666007
19	0,759959	1,620705
20	2,619985	1,668290
21	3,513111	1,752145
22	2,775398	1,796634
23	3,150421	1,853042
24	3,510751	1,919351
25	0,717386	1,873121
26	0,717386	1,830316
27	0,800000	1,793519
28	0,705978	1,756018
29	0,705978	1,721016
30	3,753663	1,786586
31	0,816667	1,756276
32	4,094112	1,827119
33	4,363811	1,901728
34	4,668930	1,980791
35	5,027983	2,065435
36	0,716667	2,028982
37	5,459018	2,119246
38	0,850000	2,086701
39	5,594680	2,174401
40	5,946490	2,266403
41	6,279855	2,361961
42	0,833333	2,326412
43	6,496052	2,421176
44	7,024766	2,523478
45	7,310794	2,627550
46	0,750000	2,587602
47	7,027682	2,680104
48	7,218616	2,772727
49	7,573365	2,868740
50	7,793418	2,965302
51	8,079750	3,063657
52	8,062073	3,157966
53	8,354143	3,254192
54	0,816667	3,209873
55	11,218280	3,352880
56	8,577194	3,444535
57	0,716667	3,397503
58	0,683333	3,351500
59	11,780811	3,491989
60	8,169945	3,568676
61	8,634981	3,650391
62	8,858478	3,733059
63	8,662712	3,810085
64	9,791623	3,902108
65	0,766667	3,854602
66	9,791623	3,943214
67	9,033899	4,018077
68	0,816667	3,971680
69	9,870075	4,055943
70	9,182620	4,128149
71	0,750000	4,081231
72	9,747623	4,158852
73	9,445915	4,230299
74	9,724210	4,303551
75	9,709737	4,374685
76	10,385868	4,452753
77	0,783333	4,405709
78	10,556823	4,483571
79	10,208970	4,555139
80	10,517164	4,628744
81	10,119314	4,695702
82	0,733333	4,647963
83	12,530682	4,741804
84	10,475785	4,809263
85	0,783333	4,762450
86	10,806982	4,831927
87	0,946393	4,787773
88	11,019141	4,857789
89	10,842098	4,924281
90	0,766667	4,878593
91	11,161843	4,946889
92	11,314041	5,015353
93	0,766667	4,970155
94	0,783333	4,926083
95	11,195945	4,991394
96	11,633568	5,059870
97	11,860654	5,129266
98	11,218280	5,190771
99	11,780811	5,256671
100	11,429406	5,317787
101	0,850000	5,273986
102	11,150357	5,331038
103	11,455753	5,389929
104	11,162671	5,444908
105	0,800000	5,401088
106	11,452360	5,457642
107	11,198165	5,510795
108	11,461950	5,565392
109	12,026560	5,624130
110	11,992604	5,681504
111	0,783333	5,637770
112	12,245463	5,696245
113	0,877830	5,653979
114	12,146187	5,710433
115	0,800000	5,668101
116	12,512367	5,726599
117	0,783333	5,684707
118	12,724208	5,743863
119	12,777232	5,802474
120	0,800000	5,761131
121	13,103618	5,821316
122	0,750000	5,780085
123	0,866667	5,740461
124	12,780307	5,796780
125	12,284883	5,848273
126	0,700000	5,807735
127	0,850000	5,769003
128	12,731117	5,822973
129	12,530682	5,874571
130	12,864935	5,927932
131	0,800000	5,889084
132	0,766667	5,850570
133	12,519156	5,900335
134	12,731483	5,950936
135	0,833333	5,913307
136	12,023002	5,957903
137	0,850000	5,920889
138	12,333450	5,967023
139	0,766667	5,929878
140	12,950140	5,979667
141	12,796560	6,027673
142	12,398135	6,072222
143	0,850000	6,035956
144	12,477637	6,080382
145	0,833333	6,044443
146	0,750000	6,008426
147	12,874941	6,054822
148	12,928950	6,100957
149	12,359545	6,142681
150	12,942655	6,187714
151	0,883333	6,152816
152	12,738891	6,195863
153	0,816667	6,160933
154	13,064161	6,205470
155	0,750000	6,170499
156	13,404192	6,216573
157	12,939478	6,259123
158	13,163764	6,302549
159	0,783333	6,268054
160	13,450714	6,312666
161	14,161290	6,361115
162	14,396121	6,410409
163	14,137533	6,457526
164	14,489183	6,506203
165	14,351332	6,553462
166	14,779428	6,602720
167	14,858080	6,651859
168	15,720868	6,705521
169	0,816667	6,670881
170	14,994925	6,719560
171	14,589395	6,765315
172	14,004655	6,807161
173	14,157061	6,849401
174	14,242743	6,891649
175	14,463906	6,934673
176	0,783333	6,899920
177	13,999239	6,939804
178	0,766667	6,905317
179	14,426099	6,947099
180	14,357288	6,988039
181	14,586472	7,029789
182	0,733333	6,995382
183	14,778405	7,037681
184	14,435422	7,077669
185	14,343593	7,116733
186	13,424627	7,150465
187	13,567912	7,184600
188	13,889994	7,220079
189	0,800000	7,186289
190	14,207652	7,223050
191	14,491577	7,260907
192	14,900342	7,300489
193	14,701133	7,338637
194	14,898376	7,377405
195	15,245472	7,417548
196	0,733333	7,383618
197	15,917281	7,426717
198	0,783333	7,393333
199	0,766667	7,360200
200	15,660675	7,401496
201	16,797211	7,448009
202	15,919954	7,489743
203	16,241310	7,532643
204	16,536411	7,576564
205	16,638683	7,620555
206	16,941546	7,665584
207	17,756432	7,714097
208	17,393174	7,760409
209	0,783333	7,727185
210	18,039088	7,776056
211	0,817306	7,743232
212	18,125639	7,791976
213	17,940092	7,839397
214	0,816667	7,806733
215	18,485227	7,856170
216	0,849482	7,823881
217	18,234708	7,871637
218	19,033114	7,922603
219	18,698757	7,971586
220	19,036580	8,021653
221	0,783333	7,989048
222	19,643862	8,041312
223	19,917001	8,094329
224	19,592307	8,145431
225	0,766667	8,112781
226	19,845832	8,164469
227	20,358676	8,217952
228	20,381266	8,271067
229	0,800000	8,238584
230	20,642089	8,292279
231	20,798540	8,346185
232	20,470860	8,398223
233	0,816667	8,365823
234	0,800000	8,333628
235	20,786411	8,386394
236	20,985592	8,439555
237	0,766667	8,407316
238	20,849005	8,459373
239	21,001531	8,511632
240	20,907375	8,563067
241	0,816667	8,531057
242	21,598040	8,584830
243	21,598040	8,638163
244	0,783333	8,606103
245	21,438458	8,658267
246	21,889051	8,711833
247	21,760290	8,764447
248	22,019688	8,817681
249	21,900502	8,870013
250	21,597925	8,920721
251	22,015068	8,972683
252	0,833333	8,940512
253	0,800000	8,908463
254	22,838285	8,963089
255	23,021687	9,018006
256	0,800000	8,986029
257	23,000562	9,040349
258	23,330833	9,095525
259	0,800000	9,063619
260	23,672198	9,119590
261	23,484141	9,174417
262	23,736367	9,229785
263	23,927418	9,285458
264	24,291591	9,342085
265	0,766667	9,309847
266	24,570630	9,367003
267	0,833333	9,335161
268	24,951546	9,393215
269	24,710867	9,449947
270	0,783333	9,417967
271	0,816667	9,386344
272	24,196178	9,440593
273	24,329320	9,494931
274	0,750000	9,463131
275	24,639877	9,518120
276	24,689107	9,572888
277	24,644190	9,627102
278	25,070232	9,682453
279	0,733333	9,650492
280	24,463223	9,703207
281	24,681013	9,756319
282	25,122613	9,810617
283	25,107795	9,864481
284	33,167910	9,946247
285	0,833333	9,914384
286	24,618509	9,965618
287	0,800000	9,933793
288	24,416259	9,983905
289	24,759009	10,034854
290	0,816667	10,003176
291	24,795360	10,053834
292	24,937343	10,104631
293	24,806232	10,154636
294	24,579552	10,203534
295	24,686700	10,252464
296	24,719166	10,301174
297	0,766667	10,269179
298	25,065246	10,318664
299	24,830662	10,367037
300	25,013194	10,415695
301	0,800000	10,383855
302	25,312930	10,433126
303	26,150509	10,484828
304	25,685407	10,534666
305	25,820378	10,584619
306	25,830892	10,634281
307	25,906620	10,683867
308	0,634032	10,651343
309	0,634032	10,619029
310	26,270597	10,669356
311	0,816667	10,637777
312	27,005484	10,690070
313	0,833333	10,658679
314	27,032620	10,710660
315	26,937563	10,762011
316	27,099890	10,813550
317	27,251917	10,865243
318	27,103798	10,916147
319	27,385684	10,967615
320	27,307362	11,018517
321	28,076857	11,071493
322	27,494373	11,122338
323	0,816667	11,090531
324	27,702422	11,141644
325	0,700000	11,109615
326	27,870698	11,160872
327	0,800000	11,129284
328	28,522361	11,182150
329	0,783333	11,150639
330	28,783122	11,203909
331	0,866667	11,172773
332	28,611744	11,225142
333	29,317051	11,279309
334	29,137481	11,332617
335	0,800000	11,301270
336	29,368804	11,354883
337	29,154789	11,407546
338	29,738228	11,461618
339	29,882969	11,515799
340	30,081675	11,570244
341	0,666667	11,538362
342	0,833333	11,507152
343	30,548158	11,562504
344	30,509202	11,617422
345	30,832132	11,672956
346	30,855184	11,728236
347	0,783333	11,696785
348	30,209292	11,749830
349	30,369073	11,803028
350	0,800000	11,771680
351	30,528448	11,824966
352	30,554709	11,878025
353	30,665597	11,931097
354	0,800000	11,899742
355	0,766667	11,868469
356	30,990874	11,922033
357	31,097514	11,975596
358	31,537523	12,030086
359	0,783333	11,998845
360	31,178048	12,051973
361	0,916667	12,021213
362	31,530776	12,074958
363	0,800000	12,043983
364	30,891865	12,095621
365	0,783333	12,064713
366	31,203003	12,116861
367	31,001195	12,168177
368	30,995070	12,219199
369	30,955892	12,269838
370	0,783333	12,238877
371	31,273508	12,290046
372	31,577326	12,341754
373	0,633333	12,310448
374	0,633333	12,279309
375	0,800000	12,248779
376	31,851770	12,300777
377	32,158376	12,353310
378	13,445313	12,356191
379	31,646491	12,406955
380	0,783333	12,376447
381	31,692602	12,427013
382	31,725646	12,477401
383	31,811571	12,527750
384	31,639646	12,577392
385	0,816667	12,546923
386	31,954323	12,597072
387	32,776216	12,649080
388	32,620464	12,700420
389	31,210071	12,747881
390	31,607415	12,796115
391	31,939629	12,844950
392	0,766667	12,814217
393	32,069686	12,863088
394	32,280238	12,912246
395	32,526265	12,961776
396	0,800000	12,931142
397	32,977139	12,981509
398	32,851425	13,031308
399	33,307169	13,081998
400	33,167910	13,132087
401	33,690186	13,183227
402	33,714443	13,234173
403	34,236574	13,286159
404	33,946378	13,337172
405	0,783333	13,306251
406	34,279155	13,357782
407	34,502963	13,409608
408	34,309247	13,460707
409	34,737453	13,512602
410	34,454595	13,563556
411	34,927358	13,615409
412	0,750000	13,584258
413	34,679463	13,635213
414	34,409176	13,685271
415	34,770148	13,735955
416	0,766667	13,704854
417	48,051026	13,787022
418	35,097365	13,837882
419	35,278830	13,888932
420	13,445313	13,887878
421	0,800000	13,856864
422	35,607729	13,908285
423	35,916887	13,960192
424	0,783333	13,929187
425	36,408591	13,981956
426	0,800000	13,951085
427	0,783333	13,920319
428	36,903706	13,973893
429	0,783333	13,943218
430	36,990407	13,996691
431	37,223901	14,050458
432	0,850000	14,019972
433	37,384985	14,073809
434	37,774649	14,128293
435	38,451964	14,184081
436	0,766667	14,153378
437	38,573835	14,209132
438	38,977544	14,265553
439	38,608653	14,320878
440	0,816667	14,290256
441	0,783333	14,259697
442	39,343459	14,316320
443	39,542616	14,373136
444	39,094001	14,428688
445	39,846791	14,485680
446	0,766667	14,454988
447	39,915102	14,511819
448	39,578659	14,567647
449	0,750000	14,536941
450	39,135729	14,591484
451	0,766667	14,560898
452	39,404506	14,615740
453	39,969965	14,671587
454	40,030320	14,727320
455	0,800000	14,696778
456	40,030543	14,752213
457	40,433485	14,808285
458	40,834248	14,864987
459	40,639742	14,921019
460	0,750000	14,890279
461	39,718249	14,944019
462	39,553760	14,997172
463	0,800000	14,966575
464	39,912244	15,020221
465	40,170363	15,074192
466	40,341781	15,128298
467	39,605388	15,180599
468	39,306303	15,232040
469	49,498064	15,304946
470	0,800000	15,274150
471	0,733333	15,243344
472	39,593453	15,294824
473	0,833442	15,264315
474	38,465085	15,313158
475	38,835827	15,362576
476	0,766667	15,331976
477	39,640443	15,382831
478	39,528429	15,433239
479	0,800000	15,402753
480	40,178356	15,454262
481	40,476533	15,506175
482	40,250716	15,557406
483	0,783333	15,526881
484	40,901813	15,579201
485	0,883333	15,548962
486	41,025546	15,601275
487	41,461269	15,654267
488	41,090280	15,706284
489	0,800000	15,675863
490	0,766667	15,645498
491	0,800000	15,615324
492	41,318911	15,667461
493	41,313818	15,719377
494	41,563390	15,771587
495	41,624514	15,823710
496	41,990509	15,876359
497	42,514626	15,929850
498	42,680182	15,983458
499	0,750000	15,952991
500	42,857546	16,006692
501	0,883333	15,976566
502	0,849139	15,946492
503	0,850000	15,916538
504	43,683053	15,971522
505	42,435911	16,023823
506	0,750000	15,993697
507	42,983464	16,046826
508	53,755263	16,120910
509	42,691182	16,173008
510	43,093164	16,225690
511	42,887934	16,277764
512	43,146663	16,330140
513	43,093059	16,382208
514	0,866667	16,352081
515	43,636635	16,404958
516	44,179088	16,458680
517	43,752287	16,511370
518	0,750000	16,481001
519	43,961671	16,533849
520	44,175314	16,586903
521	44,292081	16,639979
522	44,721700	16,693672
523	43,733432	16,745275
524	43,914906	16,797026
525	44,522487	16,849736
526	44,816264	16,902804
527	44,769995	16,955583
528	44,792712	17,008205
529	0,783333	16,977592
530	44,667825	17,029739
531	44,966995	17,082253
532	45,103016	17,134824
533	45,082206	17,187160
534	0,816667	17,156561
535	45,714357	17,209841
536	46,184055	17,263797
537	46,179150	17,317543
538	0,866667	17,287021
539	45,701605	17,339641
540	0,883333	17,309223
541	45,302233	17,360870
542	45,670764	17,413006
543	46,239600	17,465996
544	0,750000	17,435325
545	46,351785	17,488285
546	0,783333	17,457746
547	46,359350	17,510486
548	0,901475	17,480233
549	46,597342	17,533173
550	47,445183	17,587460
551	0,783333	17,557018
552	46,859954	17,610007
553	47,271170	17,663547
554	46,523118	17,715546
555	61,926999	17,795063
556	0,800000	17,764551
557	46,730477	17,816462
558	46,560551	17,867882
559	47,516091	17,920825
560	0,766667	17,890248
561	0,750000	17,859749
562	47,295099	17,912032
563	0,683333	17,881485
564	47,442663	17,933805
565	0,783333	17,903504
566	47,475141	17,955659
567	47,142615	18,007044
568	0,883333	17,976950
569	47,844553	18,029349
570	47,855923	18,081585
571	48,094393	18,134055
572	0,833333	18,103861
573	47,640118	18,155318
574	0,800000	18,125135
575	47,260198	18,175717
576	47,569757	18,226660
577	0,716667	18,196366
578	48,297267	18,248353
579	48,249045	18,300079
580	48,739526	18,352470
581	48,902468	18,404962
582	0,750000	18,374679
583	48,521492	18,426300
584	48,318883	18,477398
585	49,108067	18,529669
586	48,092966	18,580033
587	48,474885	18,630874
588	47,529328	18,679938
589	47,935156	18,729523
590	0,833333	18,699242
591	0,850000	18,669091
592	48,051026	18,718639
593	47,204699	18,766595
594	0,883333	18,736539
595	48,285791	18,786119
596	0,850000	18,756075
597	48,550042	18,805897
598	48,239953	18,855036
599	48,441080	18,904346
600	0,816667	18,874250
601	48,323196	18,923169
602	0,866667	18,893224
603	49,187911	18,943381
604	0,666667	18,913172
605	48,140105	18,961401
606	0,750000	18,931399
607	48,062392	18,979311
608	49,614709	19,029616
609	48,423186	19,077802
610	48,566069	19,126064
611	0,783333	19,096093
612	48,545151	19,144133
613	48,610484	19,192124
614	0,866667	19,162327
615	0,833333	19,132572
616	48,718392	19,180523
617	0,766667	19,150727
618	48,462967	19,198081
619	48,556915	19,245434
620	48,258275	19,292154
621	0,900000	19,262584
622	48,714923	19,309859
623	0,833333	19,280250
624	48,829089	19,327528
625	49,120884	19,375121
626	49,329532	19,422895
627	0,790014	19,393225
628	0,766667	19,363612
629	0,790014	19,334130
630	49,425666	19,381819
631	50,285554	19,430717
632	0,816667	19,401311
633	0,716667	19,371840
634	50,126055	19,420272
635	67,802428	19,496344
636	50,275626	19,544663
637	0,816667	19,515309
638	0,833333	19,486073
639	49,624546	19,533164
640	50,069972	19,580804
641	49,474850	19,627368
642	0,850000	19,598165
643	49,158986	19,644067
644	49,096563	19,689729
645	49,328749	19,735610
646	49,624196	19,781806
647	0,833333	19,752564
648	48,614029	19,797035
649	0,766667	19,767758
650	48,967610	19,812611
651	49,240284	19,857746
652	0,766667	19,828510
653	0,833333	19,799465
654	49,193580	19,844342
655	49,274735	19,889205
656	49,498064	19,934272
657	49,957435	19,979900
658	50,036562	20,025509
659	49,890385	20,070759
660	0,783333	20,041580
661	0,800000	20,012514
662	50,190147	20,058031
663	0,766667	20,028978
664	50,316628	20,074523
665	50,676314	20,120472
666	50,773978	20,166429
667	51,199930	20,212886
668	51,256962	20,259290
669	51,461052	20,305860
670	51,258999	20,351990
671	0,783333	20,322870
672	0,666667	20,293663
673	51,661254	20,340202
674	0,750000	20,311180
675	51,987148	20,358038
676	0,750000	20,329075
677	52,051066	20,375862
678	52,400334	20,423026
679	0,816667	20,394194
680	52,726687	20,441672
681	53,420347	20,490027
682	53,091621	20,537760
683	0,833333	20,508953
684	52,640150	20,555859
685	53,159713	20,603387
686	52,640336	20,650020
687	52,595446	20,696452
688	52,792747	20,743036
689	0,783333	20,714109
690	53,010681	20,760848
691	52,055278	20,806071
692	0,683333	20,777034
693	51,834011	20,821785
694	0,850000	20,793048
695	52,145325	20,838095
696	52,995458	20,884232
697	0,816667	20,855481
698	52,982966	20,901444
699	52,682108	20,946844
700	53,552450	20,993357
701	0,833333	20,964640
702	53,054827	21,010287
703	53,851501	21,056936
704	53,945261	21,103587
705	53,915685	21,150063
706	54,255393	21,196888
707	53,755263	21,242874
708	0,800000	21,214041
709	54,000441	21,260219
710	54,119681	21,306435
711	54,031473	21,352397
712	0,697636	21,323428
713	0,697636	21,294540
714	0,816667	21,265900
715	54,443356	21,312237
716	54,837415	21,358995
717	54,979836	21,405820
718	0,800000	21,377161
719	55,209520	21,424151
720	55,551057	21,471483
721	0,850000	21,442922
722	55,290614	21,489737
723	0,766667	21,461114
724	55,594764	21,508195
725	56,061516	21,555789
726	0,883333	21,527354
727	0,750000	21,498814
728	56,424134	21,546722
729	0,800000	21,518302
730	57,194838	21,567107
731	57,274420	21,615888
732	57,411232	21,664722
733	57,954428	21,714163
734	57,679389	21,763095
735	0,783333	21,734590
736	57,877550	21,783631
737	58,508988	21,833394
738	57,881090	21,882173
739	0,766667	21,853639
740	58,496604	21,903089
741	0,766667	21,874604
742	0,783333	21,846217
743	58,554601	21,895556
744	58,239898	21,944340
745	0,750000	21,915930
746	57,621252	21,963728
747	1,724267	21,936670
748	0,716667	21,908339
749	0,516048	21,879816
750	57,259663	21,926926
751	57,765996	21,974584
752	0,800000	21,946464
753	57,387747	21,993469
754	1,724267	21,966622
755	57,786465	22,014003
756	0,816667	21,986001
757	58,475477	22,034140
758	0,783333	22,006142
759	58,115788	22,053654
760	0,766667	22,025682
761	58,509140	22,073560
762	59,155107	22,122160
763	0,833333	22,094295
764	58,908505	22,142418
765	59,229690	22,190835
766	0,783333	22,162924
767	59,569288	22,211631
768	59,689069	22,260366
769	0,816667	22,232517
770	59,645867	22,281043
771	0,783333	22,253196
772	59,851614	22,301836
773	0,766667	22,274012
774	59,746286	22,322364
775	60,268719	22,371264
776	0,800000	22,343501
777	60,377040	22,392388
778	59,830138	22,440446
779	60,078865	22,488701
780	60,421814	22,537271
781	0,733333	22,509388
782	60,690174	22,558151
783	61,155490	22,607382
784	60,736285	22,655954
785	61,078544	22,704837
786	0,833333	22,677046
787	61,848261	22,726756
788	0,750000	22,698902
789	61,898998	22,748523
790	62,650538	22,798968
791	62,297910	22,848840
792	61,639652	22,897757
793	62,248006	22,947316
794	61,926999	22,996347
795	0,783333	22,968441
796	61,921041	23,017315
797	215,019438	23,257919
798	215,000335	23,497897
799	215,019438	23,737299
800	62,568050	23,785777
801	62,968755	23,834634
802	62,501743	23,882787
803	63,069503	23,931527
804	216,892697	24,171230
805	63,093683	24,219521
806	62,905798	24,267459
807	62,993474	24,315388
808	217,694362	24,554422
809	217,694362	24,792867
810	218,051799	25,031164
811	62,453172	25,077250
812	63,314926	25,124283
813	218,558624	25,361917
814	62,694473	25,407724
815	62,034123	25,452609
816	219,361886	25,689952
817	219,519086	25,926907
818	61,927352	25,970864
819	62,011583	26,014816
820	220,203474	26,251343
821	62,347132	26,295255
822	221,104499	26,531961
823	62,756100	26,575923
824	221,283085	26,811931
825	63,030638	26,855780
826	221,633085	27,091302
827	62,995214	27,134665
828	221,853922	27,369549
829	62,427211	27,411787
830	63,121757	27,454759
831	62,866656	27,497322
832	62,993369	27,539934
833	62,482367	27,581832
834	62,259428	27,623362
835	62,076952	27,664574
836	62,261758	27,705909
837	224,997726	27,941341
838	62,302209	27,982295
839	61,976053	28,022764
840	225,688595	28,257800
841	61,970461	28,297839
842	61,866344	28,337660
843	61,967959	28,377506
844	61,843382	28,417110
845	227,072403	28,651928
846	62,507291	28,691899
847	227,917135	28,926834
848	62,185859	28,966008
849	228,080571	29,200261
850	228,404980	29,434344
851	228,435297	29,667913
852	62,459896	29,706356
853	228,607733	29,939262
854	62,626677	29,977493
855	62,858529	30,015905
856	62,651495	30,053986
857	229,468593	30,286404
858	62,611802	30,324036
859	62,975473	30,362002
860	63,235749	30,400183
861	230,579352	30,632410
862	62,870481	30,669766
863	231,315687	30,901995
864	63,086473	30,939202
865	63,368261	30,976649
866	231,706962	31,208172
867	231,967474	31,439461
868	63,985285	31,476913
869	232,646592	31,708143
870	64,350587	31,745620
871	63,696656	31,782261
872	64,032656	31,819203
873	64,414958	31,856498
874	64,723481	31,894060
875	65,441912	31,932357
876	235,178261	32,164108
877	65,803815	32,202422
878	65,423550	32,240216
879	65,513712	32,278027
880	66,141643	32,316465
881	236,493337	32,547958
882	66,413854	32,586311
883	65,871155	32,623964
884	237,171024	32,855090
885	66,178259	32,892701
886	66,645271	32,930754
887	66,768851	32,968860
888	238,095288	33,199598
889	66,717803	33,237259
890	67,208106	33,275386
891	239,535247	33,506619
892	67,674841	33,544881
893	67,925388	33,583338
894	67,983525	33,621774
895	67,802428	33,659922
896	240,377257	33,890376
897	240,630737	34,120599
898	241,008447	34,350730
899	241,254503	34,580623
900	241,258447	34,810010
901	67,734809	34,846512
902	68,564158	34,883852
903	68,033065	34,920521
904	68,265868	34,957367
905	68,751529	34,994668
906	243,228638	35,224253
907	69,086760	35,261547
908	68,413568	35,298017
909	243,913365	35,527265
910	68,946377	35,563949
911	69,089088	35,600709
912	68,641957	35,636899
913	244,493744	35,865407
914	68,580521	35,901162
915	69,106106	35,937412
916	245,441012	36,165878
917	69,242874	36,201909
918	245,731810	36,429907
919	69,803489	36,466183
920	246,181025	36,693886
921	69,123925	36,729060
922	69,541454	36,764609
923	70,335021	36,800941
924	70,455014	36,837324
925	247,935320	37,065291
926	247,973885	37,292809
927	248,007971	37,519873
928	70,201037	37,555051
929	70,300081	37,590261
930	70,394543	37,625497
931	70,564830	37,660839
932	70,758340	37,696314
933	70,301508	37,731223
934	70,674872	37,766457
935	70,129824	37,801033
936	70,315942	37,835734
937	70,642712	37,870709
938	70,363360	37,905313
939	252,302176	38,133395
940	70,331423	38,167611
941	70,275600	38,201696
942	253,140485	38,429627
943	70,403717	38,463498
944	253,513106	38,691064
945	70,219005	38,724391
946	70,469739	38,757913
947	70,830292	38,791745
948	70,709413	38,825378
949	71,049788	38,859298
950	70,909228	38,893000
951	70,921154	38,926643
952	256,492535	39,154939
953	256,492535	39,382756
954	256,495264	39,610099
955	70,163303	39,642058
956	256,860135	39,869036
957	70,555862	39,901068
958	257,865705	40,128352
959	70,111559	40,159584
960	69,787580	40,190415
961	70,111559	40,221518
962	70,031047	40,252472
963	70,236597	40,283576
964	70,031047	40,314403
965	69,955395	40,345087
966	70,184428	40,375945
967	259,396629	40,602206
968	70,342427	40,632897
969	259,634683	40,858672
970	69,940283	40,888623
971	259,971066	41,114016
972	260,139715	41,339120
973	70,315671	41,368870
974	70,666672	41,398919
975	260,813428	41,623729
976	70,993842	41,653790
977	71,475271	41,684282
978	262,040661	41,909366
979	71,282052	41,939338
980	71,817900	41,969795
981	262,463648	42,194330
982	70,592177	42,223219
983	70,784033	42,252245
984	70,854151	42,281282
985	263,654397	42,505798
986	71,126623	42,534796
987	71,299095	42,563910
988	264,253223	42,788065
989	264,273517	43,011788
990	71,591594	43,040627
991	264,673517	43,264047
992	70,889709	43,291868
993	71,204695	43,319949
994	265,690648	43,543437
995	70,317722	43,570319
996	71,802950	43,598636
997	70,838670	43,625931
998	71,124275	43,653457
999	70,647101	43,680451
